Connected Pairs:
32 43 
320 351 
321 343 
321 351 
321 353 
321 356 
322 337 
322 342 
322 344 
322 346 
322 348 
322 356 
323 334 
323 335 
323 348 
325 343 
325 354 
325 356 
325 357 
325 365 
325 370 
326 344 
327 356 
327 361 
328 361 
328 362 
328 386 
329 344 
329 346 
33 47 
33 56 
330 357 
330 362 
330 365 
331 354 
331 356 
331 366 
331 370 
332 356 
334 358 
334 366 
334 370 
335 370 
336 359 
336 361 
337 352 
337 386 
338 370 
338 386 
339 357 
339 386 
34 56 
34 57 
34 60 
340 360 
340 366 
341 374 
341 378 
342 364 
342 370 
343 360 
343 365 
343 366 
343 367 
343 369 
343 375 
344 357 
344 358 
344 359 
344 363 
344 370 
344 386 
345 366 
345 367 
345 369 
346 379 
348 371 
348 373 
348 377 
349 362 
349 372 
349 373 
349 380 
349 405 
35 51 
35 55 
350 378 
351 366 
351 371 
351 373 
351 377 
353 366 
353 368 
353 373 
353 381 
354 371 
354 378 
355 371 
355 379 
355 391 
356 387 
356 390 
357 371 
357 374 
358 374 
358 378 
358 382 
359 385 
359 387 
36 57 
36 63 
36 64 
36 65 
360 385 
360 391 
360 397 
362 376 
362 380 
362 384 
362 387 
363 385 
363 389 
363 392 
363 395 
363 396 
364 381 
364 384 
364 391 
364 405 
365 389 
365 395 
365 400 
365 403 
366 383 
366 405 
367 387 
368 383 
368 390 
368 392 
368 395 
368 397 
369 385 
369 391 
369 395 
369 405 
37 47 
37 56 
37 61 
37 64 
371 384 
372 390 
373 400 
373 403 
374 401 
374 408 
374 409 
374 413 
374 417 
374 427 
375 399 
375 402 
376 392 
376 394 
376 395 
376 396 
376 400 
376 402 
376 403 
376 405 
377 400 
377 406 
377 408 
377 411 
378 400 
378 402 
378 405 
378 407 
378 419 
379 395 
379 401 
379 403 
379 406 
38 60 
38 67 
38 69 
380 395 
380 399 
380 403 
380 406 
381 407 
381 411 
382 394 
382 395 
382 397 
382 399 
382 401 
382 406 
382 410 
383 400 
383 403 
383 405 
384 419 
385 412 
385 415 
385 417 
385 419 
385 422 
385 426 
386 400 
386 404 
386 407 
386 416 
386 419 
387 403 
388 406 
389 409 
389 416 
389 417 
389 423 
389 425 
39 58 
39 62 
390 407 
390 411 
390 423 
392 425 
392 427 
392 428 
392 435 
393 406 
393 407 
393 410 
393 419 
394 409 
394 410 
395 417 
396 412 
397 417 
397 418 
397 420 
398 417 
398 418 
398 420 
398 435 
399 415 
399 417 
399 418 
399 419 
399 420 
4 36 
40 47 
40 49 
40 51 
40 55 
40 59 
40 60 
40 61 
400 422 
400 426 
401 417 
401 422 
403 415 
403 417 
403 420 
403 421 
403 422 
404 436 
405 424 
405 426 
405 431 
405 432 
405 437 
406 417 
406 422 
406 424 
406 435 
407 425 
407 435 
408 426 
408 429 
408 430 
408 448 
409 439 
409 442 
41 56 
41 57 
41 58 
41 67 
410 425 
410 428 
410 431 
410 432 
410 434 
410 435 
411 425 
412 435 
412 437 
412 439 
412 453 
413 425 
413 428 
413 431 
413 432 
413 433 
413 435 
413 442 
414 429 
414 430 
414 433 
414 453 
415 429 
415 443 
416 430 
416 433 
416 438 
416 442 
416 448 
416 449 
418 432 
418 436 
418 437 
418 471 
419 429 
419 433 
419 443 
419 461 
42 51 
42 60 
42 66 
42 69 
42 75 
421 430 
421 432 
421 433 
421 436 
421 437 
421 442 
421 451 
422 432 
422 436 
422 437 
422 439 
422 441 
422 446 
422 448 
422 453 
424 433 
424 439 
425 440 
425 446 
425 447 
425 450 
425 454 
425 455 
426 441 
426 444 
426 447 
426 449 
427 445 
427 458 
428 457 
429 440 
429 441 
429 443 
429 450 
429 453 
43 57 
43 60 
43 67 
43 69 
43 75 
430 449 
430 450 
431 446 
431 464 
432 452 
432 453 
433 454 
433 455 
433 459 
434 445 
434 456 
434 458 
434 464 
435 464 
436 456 
436 460 
436 468 
437 454 
437 458 
437 472 
438 445 
438 464 
439 455 
439 457 
439 459 
44 58 
44 62 
44 63 
44 71 
44 74 
44 81 
440 471 
441 466 
441 468 
442 457 
442 459 
442 461 
442 462 
442 469 
443 463 
443 464 
443 467 
443 468 
443 471 
444 461 
444 463 
444 467 
445 461 
445 463 
445 465 
445 466 
445 470 
446 467 
446 482 
447 467 
447 476 
447 477 
448 461 
448 463 
448 468 
448 469 
449 474 
449 479 
449 486 
45 63 
45 71 
450 465 
450 468 
450 469 
450 470 
450 473 
450 474 
450 476 
451 461 
451 463 
451 472 
452 479 
452 482 
453 481 
453 483 
454 465 
454 469 
454 470 
455 469 
455 470 
455 481 
455 489 
456 473 
456 477 
456 480 
456 496 
457 467 
457 468 
457 473 
457 474 
457 475 
457 476 
457 478 
457 482 
457 486 
458 479 
459 481 
459 484 
459 486 
459 487 
459 490 
46 65 
46 74 
46 75 
46 76 
461 488 
461 489 
462 473 
462 477 
462 478 
462 480 
462 487 
462 495 
463 483 
463 494 
463 499 
464 483 
464 485 
464 488 
464 494 
465 475 
465 481 
465 486 
466 484 
466 498 
467 488 
467 496 
467 498 
468 480 
469 498 
469 499 
47 66 
47 77 
47 81 
47 82 
47 85 
470 498 
471 483 
471 488 
471 489 
471 491 
471 493 
471 495 
472 494 
472 495 
472 496 
472 499 
473 492 
474 490 
474 491 
474 499 
475 485 
475 491 
475 495 
475 498 
476 496 
476 497 
476 498 
477 497 
478 492 
478 499 
159 180 
159 182 
159 183 
159 184 
159 192 
16 34 
16 39 
16 40 
16 44 
16 46 
160 178 
161 183 
161 186 
161 189 
161 198 
161 201 
162 188 
163 178 
163 184 
163 193 
163 197 
163 201 
166 181 
166 195 
167 180 
167 184 
167 186 
168 181 
168 186 
168 195 
168 197 
169 190 
169 192 
169 196 
169 204 
169 207 
169 212 
17 26 
17 31 
17 32 
17 52 
170 191 
170 201 
171 191 
171 198 
171 204 
172 198 
173 205 
173 211 
174 190 
174 192 
174 193 
174 195 
174 196 
175 191 
175 192 
175 193 
175 195 
175 198 
175 199 
176 192 
176 196 
176 198 
176 201 
176 210 
176 212 
177 190 
177 191 
177 193 
178 210 
178 212 
179 190 
179 192 
179 196 
179 201 
179 207 
179 212 
18 26 
18 31 
18 32 
18 37 
180 194 
180 205 
180 210 
181 200 
182 200 
182 212 
183 200 
183 206 
183 208 
183 209 
184 194 
184 202 
184 208 
185 194 
185 200 
185 211 
186 202 
186 211 
187 200 
187 203 
187 208 
188 202 
188 205 
188 207 
189 202 
189 211 
19 40 
19 54 
190 206 
190 217 
191 234 
193 213 
194 216 
194 221 
195 214 
195 219 
195 242 
196 206 
196 209 
197 213 
197 214 
198 209 
198 216 
199 214 
199 217 
199 218 
199 219 
199 242 
2 14 
2 19 
2 21 
2 24 
2 25 
2 26 
2 37 
20 37 
20 40 
20 42 
20 52 
200 216 
200 220 
200 231 
201 213 
201 218 
202 225 
202 231 
202 233 
202 236 
202 238 
203 216 
204 218 
204 220 
206 221 
206 226 
206 227 
206 233 
206 234 
206 235 
206 242 
207 221 
207 223 
207 227 
207 229 
207 232 
207 233 
207 242 
208 223 
208 224 
208 225 
208 228 
208 229 
208 231 
208 232 
208 234 
209 225 
209 231 
209 233 
209 236 
209 238 
21 41 
21 44 
21 51 
210 223 
210 224 
210 232 
210 249 
211 237 
211 243 
211 244 
211 246 
211 249 
212 224 
212 228 
212 233 
212 236 
212 242 
213 224 
213 225 
213 242 
214 223 
214 233 
214 238 
214 246 
215 235 
215 238 
215 240 
216 224 
216 229 
216 242 
217 225 
217 231 
217 233 
217 235 
217 237 
217 247 
217 260 
218 236 
218 237 
218 246 
219 240 
219 241 
219 242 
219 262 
22 45 
22 50 
220 239 
220 245 
221 238 
221 240 
221 244 
221 249 
221 252 
222 232 
222 245 
223 241 
223 242 
223 243 
223 244 
223 249 
224 241 
224 243 
224 246 
224 255 
224 260 
224 262 
225 247 
225 248 
225 250 
225 254 
225 262 
225 266 
226 263 
226 267 
226 272 
227 251 
227 252 
227 260 
227 274 
228 252 
228 256 
228 261 
228 266 
228 267 
228 268 
228 273 
228 275 
228 280 
228 293 
229 256 
229 265 
229 275 
23 39 
230 250 
230 251 
230 252 
230 253 
231 247 
231 250 
232 251 
232 253 
232 254 
232 257 
232 262 
233 250 
234 247 
234 248 
234 255 
235 260 
236 259 
236 265 
236 270 
236 283 
237 246 
237 247 
237 250 
238 255 
239 256 
239 257 
239 261 
239 265 
239 267 
24 41 
24 43 
24 44 
24 46 
240 251 
240 255 
240 263 
241 280 
241 287 
242 255 
242 261 
242 267 
242 269 
243 255 
243 256 
243 259 
243 261 
243 267 
244 264 
244 272 
244 282 
245 276 
245 282 
246 271 
246 276 
247 273 
247 276 
248 264 
248 272 
248 275 
249 278 
249 293 
25 41 
25 43 
25 44 
25 46 
25 52 
25 54 
250 276 
250 290 
251 280 
251 282 
252 270 
252 281 
252 283 
252 293 
253 273 
254 282 
255 286 
256 277 
256 278 
256 288 
256 293 
257 277 
257 282 
257 289 
258 279 
258 281 
258 285 
258 287 
258 289 
258 290 
259 279 
259 287 
259 290 
259 293 
26 50 
26 59 
26 61 
260 291 
261 277 
261 278 
261 282 
261 285 
262 286 
262 288 
262 291 
262 293 
262 296 
263 304 
263 307 
264 285 
264 286 
264 290 
265 283 
265 285 
265 286 
265 298 
266 285 
266 291 
266 294 
267 301 
267 302 
267 303 
267 313 
268 286 
268 288 
268 293 
269 281 
269 290 
269 298 
27 47 
27 54 
27 56 
27 59 
27 69 
270 291 
270 294 
270 313 
271 291 
271 298 
272 292 
272 295 
272 296 
272 298 
272 307 
272 313 
272 321 
273 295 
273 296 
273 311 
274 292 
274 296 
274 301 
275 302 
275 307 
275 309 
275 313 
275 317 
276 294 
276 299 
277 295 
277 300 
277 302 
277 315 
278 292 
278 299 
278 313 
279 313 
28 45 
28 48 
28 53 
280 301 
280 303 
280 316 
281 295 
281 302 
281 303 
281 304 
281 311 
281 313 
282 292 
282 294 
282 295 
282 300 
282 304 
282 311 
283 309 
284 308 
284 310 
284 314 
284 317 
284 318 
284 320 
284 328 
285 321 
286 302 
286 303 
286 307 
287 295 
287 313 
288 299 
288 300 
288 304 
288 311 
288 319 
288 322 
289 303 
289 313 
29 43 
29 52 
290 321 
290 322 
291 311 
291 312 
291 316 
291 319 
291 328 
292 303 
292 317 
293 301 
293 305 
293 313 
294 306 
294 308 
295 308 
295 315 
296 316 
296 320 
297 312 
297 314 
297 319 
297 320 
297 321 
297 322 
298 315 
298 328 
299 314 
299 317 
299 321 
3 14 
3 25 
3 37 
30 57 
30 58 
30 59 
30 61 
30 64 
30 69 
300 312 
301 326 
301 327 
301 350 
302 319 
302 327 
302 329 
302 332 
302 342 
302 346 
303 327 
303 329 
304 339 
304 343 
304 347 
304 350 
304 351 
304 355 
305 318 
305 319 
305 327 
305 329 
305 332 
306 323 
306 326 
306 330 
306 332 
306 333 
307 319 
307 325 
307 333 
307 342 
308 336 
308 345 
308 346 
308 349 
308 350 
309 340 
309 348 
309 350 
31 49 
310 323 
310 330 
310 334 
310 339 
310 342 
310 344 
310 348 
311 329 
311 338 
311 342 
312 330 
312 333 
312 337 
314 326 
314 327 
314 331 
314 342 
314 346 
315 326 
315 333 
315 339 
316 345 
316 348 
316 350 
317 334 
317 340 
317 355 
318 334 
318 336 
318 338 
318 339 
318 340 
318 342 
318 346 
318 348 
318 350 
319 334 
319 335 
319 339 
319 351 
126 138 
126 145 
126 146 
126 150 
126 151 
127 144 
127 147 
127 149 
127 153 
127 159 
127 161 
128 138 
128 139 
128 140 
128 146 
128 149 
129 139 
129 144 
129 149 
13 22 
13 25 
13 32 
13 34 
13 44 
130 149 
131 150 
131 152 
131 155 
131 159 
131 168 
132 168 
133 175 
133 179 
134 152 
134 153 
134 154 
134 158 
134 160 
134 161 
134 168 
134 179 
135 147 
136 154 
136 161 
136 162 
136 165 
137 154 
138 160 
138 169 
138 172 
139 168 
139 171 
139 185 
14 31 
14 34 
14 37 
140 179 
141 157 
141 160 
141 161 
141 163 
141 164 
142 155 
142 157 
142 166 
143 158 
143 160 
143 162 
143 175 
144 163 
144 165 
144 169 
144 179 
144 182 
145 164 
145 170 
145 173 
145 175 
146 168 
147 163 
148 170 
148 182 
149 166 
149 185 
15 36 
150 163 
150 173 
150 174 
150 176 
151 174 
152 170 
152 177 
153 170 
153 171 
153 174 
153 175 
153 182 
153 185 
154 186 
154 197 
155 174 
155 177 
156 170 
156 180 
157 178 
157 183 
157 184 
157 199 
158 188 
158 191 
158 196 
158 197 
158 199 
48 68 
480 495 
481 497 
49 77 
49 82 
49 84 
49 85 
5 35 
5 38 
50 59 
50 67 
50 68 
50 69 
50 70 
50 73 
50 79 
50 85 
50 91 
51 73 
51 85 
51 89 
51 92 
51 94 
52 72 
52 77 
52 84 
52 86 
52 91 
53 75 
54 71 
54 72 
54 73 
54 82 
55 62 
55 65 
55 66 
55 81 
56 66 
56 71 
56 72 
56 77 
56 78 
56 80 
56 82 
56 89 
57 99 
58 73 
58 82 
58 99 
59 73 
59 83 
59 85 
6 33 
60 75 
60 77 
60 81 
61 72 
61 78 
61 86 
62 72 
62 73 
63 80 
63 82 
64 82 
64 99 
65 80 
65 81 
65 89 
65 99 
66 82 
66 91 
66 99 
67 81 
67 83 
67 91 
67 92 
68 97 
69 102 
69 87 
69 91 
69 92 
7 20 
7 22 
7 23 
70 102 
70 93 
71 87 
71 88 
71 90 
71 98 
72 109 
72 94 
72 97 
72 98 
73 104 
73 109 
73 93 
73 95 
73 96 
73 97 
74 101 
74 95 
74 98 
75 104 
75 88 
75 97 
76 91 
76 93 
77 88 
77 92 
77 98 
78 100 
78 101 
78 110 
78 114 
79 100 
79 97 
8 40 
8 44 
80 98 
81 104 
82 103 
82 106 
82 114 
83 100 
83 101 
83 105 
83 97 
84 95 
84 96 
85 105 
86 109 
87 105 
87 109 
87 114 
88 100 
88 106 
88 108 
89 119 
89 124 
9 19 
9 20 
9 26 
9 33 
9 34 
90 103 
91 107 
91 108 
91 111 
91 113 
91 116 
91 124 
92 105 
92 107 
92 108 
92 111 
92 114 
93 103 
93 107 
93 111 
94 106 
94 107 
94 111 
94 113 
95 106 
95 112 
95 113 
95 114 
96 119 
97 117 
97 119 
97 121 
97 122 
97 125 
97 135 
97 141 
98 116 
98 120 
98 121 
99 118 
99 121 
99 123 
0 16 
0 17 
0 18 
0 19 
0 24 
0 28 
0 29 
0 30 
1 32 
1 34 
1 36 
1 38 
1 39 
1 43 
10 22 
10 26 
10 27 
101 123 
101 124 
102 121 
102 122 
103 115 
103 121 
103 123 
103 124 
104 120 
104 135 
104 141 
105 127 
106 117 
106 122 
106 123 
106 128 
107 120 
107 135 
109 118 
11 27 
11 33 
11 37 
110 120 
110 127 
110 132 
111 126 
111 128 
111 141 
112 128 
112 129 
112 130 
112 132 
112 135 
112 148 
112 149 
113 130 
113 131 
113 132 
113 133 
113 137 
114 126 
114 134 
116 133 
116 136 
116 142 
116 145 
117 136 
118 136 
119 133 
119 136 
119 137 
119 140 
119 144 
119 151 
119 157 
12 25 
12 37 
120 137 
120 140 
120 143 
120 144 
120 145 
120 151 
121 142 
121 158 
122 143 
122 146 
122 151 
123 133 
123 138 
123 142 
123 145 
123 151 
124 138 
124 146 
124 150 
124 154 
124 157 
124 159 
125 138 
125 143 

Number of Connected Node Pairs: 1532
